73
32,3780,678,647,681,626,659
625,1519
685,6767
8193,641,1929,686,8178,25,602
28
8134,4295,8168,173,5710,174,503,88
1920,138,6416,2456,5919,1969,1338,322,453,1355,6348,6103,1495,1884,2526,491,5997,5103,6393,253,6398
1531,3263
1278,1079
8387,8391,8393,792,603
9693,9692,29
3262,359
3113,
4,
136,26,1227,
74,7658,
1241,8020,735
864,1126,3399,298,140,3405,
376,339,501
2662,2695,2696,2665,42,299,2674,57,63
1248,3145,2962,3126,857,27
1024,1028,2055,1299,3355,9644,177,9651,2102,182,9666,8258,9668,9669,333,1486,9687,7257,1115,1503,360,2664,1009,1015
704,1697,97,3330,393,1962,3371,3341,1997,3378,220,
481,520,555,396,429,586,431,528,335,434,497,532,564,535,568,4218,571,
1280,1285,1255,137,301,109,175,816,817,306,1271,1277
3302,
134,297,3979,81,3954,86,3965
3532,862,2629
135
696,
4917,
1302,1823
7938,2628,71,1964,46,1937,2001,565,373,24,1881,2011,1983,863
2051,
1345,34,2,1414,1033,1417,1335,1407
988,
2971,4517,8491,8500,3511,7928,8443
8353,993,5953,1473,6273,872,6990,8335,2418,148,1333,1016,8344,8318
1625,1610,317
6772,
3229
2120,1928,108,1103,3409,989
196,79,178,31
2759
1300
6487
984,
3306,5422,1526,5499,5436,5342,5343
5164,
7632,
5250,2123,83,
3183
4817,
1057,994,3,996,1029,1188,1128,1058,995,1001,721,1042,1139,436,1083
7844,
3540,
1427,93
992,
4923,
1935
1856,1860,1861,8,1231,1887
454,7952,7956,7957,7737,
211,1275
3779
865,869,30
2064,291,6,2054,
7787,
5216,624,5
2771
3158,1162,419,
8260
1236
5931,
739,901,9670,1446,9733,3433,9738,1003,43,5916,1104,9777,308,9780,1141,1082,9756,4831
98,
5791
6849,6844,5965,6779,6864,1811,6776,2492
847,
2087
2024,
623
640,163,1444,2125,110,750,4020,632,7898,605
172
2200,48
2305,1416,720,2298,991
6493
290,1474,1099,400,985
1232,756,5180
213,677
5259,5261
3209,3213,3220,2360,3192
4823,1364,
620,
3088,3554,
8291,7851,8300,7993
346,
361,
1,5574,7508,5241,
4619,
3808,3786,3789,403
6601,
6526,2952,426,6572,6574,627,5909,6550,407,6555,92,606,
5783
9365
7789,7791
7845,679,689,8117
2786,714,2801,1334,55,2776,158
1429
5986,3650,5988,422,1484,3790,5938,5940,4757,6039
1301
80,998,1423
2096,1051
3361,147,
3968,1700,4585,600,2074,4605
6241,6212,6245,6309,5895,6187,1535,6257,6233,6172,1471
4609,4673,486,1101,509
4399,5799
608,4325,4326,2984,4393,4304,1425,4370,4341,4310,4343,378
3104,
3616,673,3555,3619,197,3655,3558,3629,3598,77,3574,3639,3576
350
368,186,8240,8231
21
5666,3119,5649,5688,2270
7520,2273,7537,6929,7540
5245
385,548,5095,4618,715,5110,5143
1400,
709,
1113,5932,3335
621
708
1433,95
2436,2501,1317,2537,2570,2521,2445,2542,1583,2482,2453,2423,2489,2589,1342
1436
6736,6724
3280,7357,5630,
2369,3673,3265
133
8199
168,4641,
4004
2953,2961,1251,2955
9444,6854,5004,9429,9461,2296,9210,987,9471
5696,5000,10,5740,1453,5741,1137,5714,917,5718,5781,5752
803,773,774,744,330,716,303,752,856,858
1536,1026,44,45,
160,
8209
6621,4535
1759
4837
49,4842,50,
3864,9697,4477
1641,
9707,9702
4492,4529,4497,4510,1343
